1	17	6	5	6
2	30	9	10	11
3	28	9	9	10
4	34	11	10	13
5	36	11	12	13
6	38	12	12	14
7	26	8	8	10
8	45	14	15	16
9	43	14	13	16
10	40	13	13	14
11	42	13	13	16
12	32	10	10	12
13	51	16	16	19
14	42	13	13	16
15	51	16	15	20
16	49	16	15	18
17	39	12	12	15
18	49	15	15	19
19	47	15	13	19
20	47	15	14	18
21	47	14	15	18
22	45	14	14	17
23	53	17	16	20
24	45	14	13	18
25	49	16	15	18
26	46	15	14	17
27	52	16	16	20
28	38	12	11	15
29	51	16	16	19
30	37	12	11	14
31	48	16	15	17
32	53	16	17	20
33	44	14	13	17
34	46	14	15	17
35	37	12	11	14
36	51	16	16	19
37	51	15	16	20
38	48	15	14	19
39	47	14	14	19
40	44	14	14	16
41	49	15	16	18
42	42	14	13	15
43	50	16	15	19
44	49	15	15	19
45	50	16	15	19
46	45	14	14	17
47	50	15	16	19
48	45	14	14	17
49	49	15	15	19
50	53	17	16	20
51	44	14	13	17
52	50	16	16	18
53	37	11	12	14
54	46	15	14	17
55	49	16	14	19
56	43	13	14	16
57	52	16	17	19
58	47	15	14	18
59	53	16	17	20
60	49	16	15	18
61	51	15	16	20
62	48	15	15	18
63	52	16	17	19
64	45	12	14	19
65	53	17	16	20
66	46	14	14	18
67	50	16	16	18
68	43	13	13	17
69	51	16	16	19
70	46	15	14	17
71	44	14	14	16
72	48	15	15	18
73	52	17	17	18
74	50	15	15	20
75	46	14	14	18
76	49	15	14	20
77	50	16	16	18
78	45	14	15	16
79	51	16	16	19
80	46	15	14	17
81	48	14	15	19
82	44	13	14	17
83	51	16	16	19
84	46	13	15	18
85	50	17	14	19
86	44	14	13	17
87	51	16	16	19
88	41	13	13	15
89	50	15	16	19
90	48	15	15	18
91	46	15	15	16
92	47	15	14	18
93	45	14	15	16
94	51	16	16	19
95	51	16	16	19
96	45	14	14	17
97	48	15	15	18
98	46	15	14	17
99	48	15	15	18
100	47	15	15	17
101	43	13	12	18
102	47	16	14	17
103	48	15	14	19
104	44	14	14	16
105	52	17	16	19
106	42	13	14	15
107	48	15	15	18
108	49	15	15	19
109	49	16	16	17
110	51	16	16	19
111	48	15	15	18
112	49	16	15	18
113	47	15	15	17
114	51	16	16	19
115	49	15	15	19
116	50	15	16	19
117	49	15	16	18
118	51	16	15	20
119	44	14	14	16
120	51	16	16	19
121	51	16	16	19
122	40	13	13	14
123	50	16	15	19
124	39	12	12	15
125	50	15	16	19
126	51	16	16	19
127	44	14	13	17
128	47	15	14	18
129	44	13	14	17
130	52	16	16	20
131	46	15	15	16
132	50	15	16	19
133	40	13	12	15
134	48	15	16	17
135	44	14	14	16
136	44	14	14	16
137	49	16	15	18
138	44	13	14	17
139	49	16	16	17
140	47	14	15	18
141	50	16	15	19
142	39	12	12	15
143	47	15	14	18
144	48	15	15	18
145	44	13	14	17
146	44	14	14	16
147	46	15	14	17
148	51	15	16	20
149	48	15	15	18
150	52	16	16	20
151	46	14	14	18
152	51	16	16	19
153	51	15	16	20
154	43	14	12	17
155	50	17	15	18
156	45	14	14	17
157	46	15	14	17
158	45	14	14	17
159	51	16	16	19
160	35	11	11	13
161	46	15	14	17
162	48	15	14	19
163	44	14	13	17
164	53	16	17	20
165	41	13	13	15
166	49	16	14	19
167	50	15	15	20
168	47	15	14	18
169	52	16	16	20
170	45	14	13	18
171	54	17	16	21
172	46	15	14	17
173	51	16	16	19
174	49	15	15	19
175	53	17	16	20
176	46	14	14	18
177	52	16	17	19
178	37	12	11	14
179	50	16	16	18
180	49	15	15	19
181	47	15	14	18
182	53	17	15	21
183	50	15	16	19
184	54	16	17	21
185	49	15	15	19
186	52	16	17	19
187	44	14	13	17
188	52	16	16	20
189	50	16	16	18
190	50	15	15	20
191	44	14	13	17
192	52	17	14	21
193	44	14	13	17
194	50	16	14	20
195	42	13	13	16
196	47	15	15	17
197	53	16	17	20
198	44	15	12	17
199	54	17	16	21
200	44	14	13	17
201	55	17	17	21
202	48	15	15	18
203	47	15	14	18
204	44	14	14	16
205	52	16	16	20
206	48	15	16	17
207	53	17	16	20
208	45	14	14	17
209	54	17	17	20
211	46	15	13	18
212	51	16	16	19
213	45	14	14	17
214	43	13	13	17
215	51	16	15	20
216	48	16	12	20
217	44	14	13	17
218	43	14	12	17
219	52	16	16	20
220	43	13	14	16
221	49	16	14	19
222	53	17	17	19
223	45	14	13	18
224	53	18	15	20
225	46	15	14	17
226	49	15	15	19
227	46	15	14	17
228	53	16	17	20
229	47	15	14	18
230	50	16	16	18
231	35	11	10	14
232	48	15	15	18
233	49	15	15	19
234	45	15	13	17
235	55	17	17	21
236	46	15	14	17
237	55	17	17	21
238	48	15	14	19
239	54	17	17	20
240	47	14	15	18
241	52	16	16	20
242	48	15	15	18
243	54	17	17	20
244	46	14	14	18
245	51	16	16	19
246	47	15	14	18
247	52	16	16	20
248	47	15	14	18
249	44	14	14	16
250	52	16	16	20
251	50	16	15	19
252	47	15	13	19
253	46	15	14	17
254	53	16	16	21
255	50	15	16	19
256	42	14	13	15
257	51	16	16	19
258	42	13	13	16
259	51	16	16	19
260	48	15	15	18
261	51	16	16	19
262	44	14	13	17
263	50	17	15	18
264	45	14	14	17
265	49	15	16	18
266	39	13	12	14  #kill -9
267	4	1	1	2
268	0	0	0	0
269	0	0	0	0
270	0	0	0	0
271	0	0	0	0
272	0	0	0	0
273	0	0	0	0
274	0	0	0	0
275	0	0	0	0
276	0	0	0	0
277	0	0	0	0
278	0	0	0	0
279	0	0	0	0
280	0	0	0	0
281	0	0	0	0
282	0	0	0	0
283	0	0	0	0
284	0	0	0	0
285	0	0	0	0
286	0	0	0	0
287	23	13	10	0
288	28	15	13	0
289	32	18	14	0
290	32	17	15	0
291	30	16	14	0
292	33	18	15	0
293	32	18	14	0
294	28	15	13	0
295	34	18	16	0
296	32	17	15	0
297	32	17	15	0
298	31	16	15	0
299	34	20	14	0
300	32	17	15	0
301	37	20	17	0
302	34	19	15	0
303	26	14	12	0
304	33	18	15	0
305	28	15	13	0
306	36	19	17	0
307	31	17	14	0
308	37	21	16	0
309	33	18	15	0
310	28	15	13	0
311	31	17	14	0
312	33	18	15	0
313	27	14	13	0
314	33	18	15	0
315	34	18	16	0
316	31	17	14	0
317	32	17	15	0
318	30	17	13	0
319	33	18	15	0
320	32	17	15	0
321	30	16	14	0
322	33	18	15	0
323	32	18	14	0
324	32	17	15	0
325	35	19	16	0
326	32	18	14	0
327	35	19	16	0
328	31	16	15	0
329	34	19	15	0
330	36	19	17	0
331	33	18	15	0
332	34	19	15	0
333	34	18	16	0
334	30	16	14	0
335	32	17	15	0
336	34	19	15	0
337	36	19	17	0
338	35	19	16	0
339	29	16	13	0
340	33	18	15	0
341	29	16	13	0
342	30	16	14	0
343	34	19	15	0
344	29	16	13	0
345	30	16	14	0
346	32	18	14	0
347	35	19	16	0
348	28	15	13	0
349	36	19	17	0
350	35	19	16	0
351	34	18	16	0
352	32	17	15	0
353	35	19	16	0
354	35	19	16	0
355	31	17	14	0
356	35	19	16	0
357	34	18	16	0
358	30	17	13	0
359	35	19	16	0
360	35	19	16	0
361	29	16	13	0
362	36	20	16	0
363	34	19	15	0
364	33	18	15	0
365	30	17	13	0
366	31	17	14	0
367	34	18	16	0
368	31	16	15	0
369	33	18	15	0
370	34	19	15	0
371	30	16	14	0
372	31	17	14	0
373	35	19	16	0
374	31	17	14	0
375	27	15	12	0
376	28	15	13	0
377	35	19	16	0
