1	330	140	115	75
2	424	181	149	94
3	433	187	152	94
4	429	183	150	96
5	445	191	157	97
6	429	185	150	94
7	430	187	150	93
8	425	184	146	95
9	450	192	160	98
10	443	190	157	96
11	433	188	150	95
12	432	186	149	97
13	438	188	155	95
14	442	191	155	96
15	426	182	150	94
16	440	189	155	96
17	433	186	152	95
18	442	188	157	97
19	450	192	159	99
20	435	187	153	95
21	438	189	153	96
22	394	169	138	87 #iptables
23	0	0	0	0
24	5	0	3	2
25	253	0	161	92
26	258	0	164	94
27	258	0	164	94
28	259	0	166	93
29	266	0	169	97
30	262	0	166	96
31	262	0	167	95
32	258	0	164	94
33	265	0	169	96
34	260	0	165	95
35	265	0	169	96
36	270	0	172	98
37	258	0	165	93
38	270	0	172	98
39	261	0	167	94
40	265	0	169	96
41	272	0	173	99
42	254	0	162	92
43	270	0	173	97
44	268	0	171	97
45	259	0	165	94
46	266	0	169	97
47	259	0	164	95
48	268	0	171	97
49	263	0	167	96
50	259	0	165	94
51	264	0	168	96
52	251	0	160	91
53	265	0	168	97
54	269	0	171	98
55	271	0	173	98
56	273	0	174	99
57	264	0	168	96
58	263	0	167	96
59	266	0	169	97
60	263	0	166	97
61	265	0	168	97
62	264	0	167	97
63	259	0	166	93
64	261	0	165	96
65	264	0	167	97
66	258	0	164	94
67	256	0	163	93
68	265	0	169	96
69	263	0	167	96
70	265	0	169	96
71	266	0	170	96
72	263	0	167	96
73	268	0	171	97
74	263	0	168	95
75	122	0	77	45
76	52	17	22	13
77	438	157	182	99
78	463	163	195	105
79	450	159	188	103
80	448	159	186	103
81	443	155	183	105
82	454	157	194	103
83	449	159	189	101
84	441	156	183	102
85	452	158	191	103
86	452	159	189	104
87	447	157	189	101
88	441	150	189	102
89	445	156	186	103
90	458	162	190	106
91	458	163	191	104
92	445	159	187	99
93	452	159	189	104
94	468	164	198	106
95	460	162	192	106
96	447	158	187	102
97	452	157	191	104
98	451	159	188	104
99	460	162	193	105
100	454	160	190	104
101	460	162	194	104
102	443	156	187	100
103	447	159	187	101
104	431	151	182	98
105	444	156	186	102
106	461	163	193	105
107	452	158	191	103
108	458	160	193	105
109	450	158	190	102
110	447	157	187	103
111	466	164	197	105
112	432	150	182	100
113	460	158	197	105
114	443	155	185	103
115	440	156	185	99
116	441	154	185	102
117	442	157	184	101
118	454	158	191	105
119	373	131	155	87 #kill -9
120	0	0	0	0
121	33	21	0	12
122	230	149	0	81
123	247	159	0	88
124	237	153	0	84
125	243	156	0	87
126	240	155	0	85
127	237	152	0	85
128	244	157	0	87
129	244	157	0	87
130	241	154	0	87
131	246	159	0	87
132	246	158	0	88
133	244	157	0	87
134	242	156	0	86
135	246	159	0	87
136	246	158	0	88
137	245	159	0	86
138	238	153	0	85
139	237	153	0	84
140	298	185	22	91
141	428	184	149	95
142	414	179	144	91
143	424	181	150	93
144	409	176	143	90
145	432	187	153	92
146	432	186	149	97
147	424	182	150	92
148	435	191	148	96
149	428	187	148	93
150	438	189	153	96
151	443	191	157	95
152	443	193	155	95
153	434	186	154	94
154	450	194	159	97
