1	351	152	105	94
2	435	189	123	123
3	464	209	133	122
4	467	210	131	126
5	524	231	147	146
6	490	216	140	134
7	475	207	135	133
8	486	215	136	135
9	459	203	129	127
10	451	205	126	120
11	482	217	133	132
12	471	211	130	130
13	472	207	135	130
14	486	218	134	134
15	431	195	121	115
16	445	200	128	117
17	457	202	127	128
18	448	201	126	121
19	469	209	131	129
20	497	222	139	136
21	466	207	132	127
22	462	205	131	126
23	478	217	131	130
24	475	213	133	129
25	442	201	123	118
26	454	202	128	124
27	464	205	132	127
28	476	209	134	133
29	472	216	128	128
30	442	202	123	117
31	449	194	129	126
32	453	203	127	123
33	464	206	132	126
34	462	210	124	128
35	490	218	137	135
36	486	212	138	136
37	447	199	124	124
38	465	208	130	127
39	484	213	138	133
40	463	203	135	125
41	500	218	141	141
42	483	211	138	134
43	508	224	141	143
44	492	216	135	141
45	492	217	141	134
46	488	211	144	133
47	461	203	131	127
48	484	212	138	134
49	473	209	132	132
50	521	235	145	141
51	515	227	146	142
52	461	199	133	129
53	466	204	133	129
54	446	195	127	124
55	465	205	131	129
56	455	202	129	124
57	485	219	134	132
58	487	217	138	132
59	492	224	135	133
60	475	218	133	124
61	448	196	127	125
62	431	194	120	117
63	457	203	132	122
64	435	190	123	122
65	415	185	117	113
66	442	195	129	118
67	452	200	128	124
68	435	196	120	119
69	415	183	117	115
70	509	224	144	141
71	498	224	139	135
72	506	224	143	139
73	493	216	141	136
74	480	209	135	136
75	470	204	136	130
76	451	195	130	126
77	456	207	120	129
78	426	196	115	115
79	453	206	125	122
80	504	234	137	133
81	473	211	129	133
82	461	199	130	132
83	482	215	132	135
84	500	221	141	138
85	465	206	131	128
86	445	195	126	124
87	474	214	132	128 # iptables down
88	19	8	5	6
89	0	0	0	0
90	0	0	0	0
91	0	0	0	0
92	0	0	0	0
93	0	0	0	0
94	0	0	0	0
95	0	0	0	0
96	0	0	0	0
97	0	0	0	0
98	0	0	0	0
99	0	0	0	0
100	0	0	0	0
101	0	0	0	0
102	0	0	0	0
103	0	0	0	0
104	0	0	0	0
105	0	0	0	0
106	0	0	0	0
107	0	0	0	0
108	0	0	0	0
109	0	0	0	0
110	0	0	0	0
111	0	0	0	0
112	0	0	0	0
113	0	0	0	0
114	0	0	0	0
115	0	0	0	0
116	0	0	0	0
117	0	0	0	0
118	0	0	0	0
119	0	0	0	0
120	0	0	0	0
121	0	0	0	0
122	0	0	0	0
123	0	0	0	0
124	0	0	0	0
125	0	0	0	0
126	0	0	0	0
127	0	0	0	0
128	0	0	0	0
129	0	0	0	0
130	0	0	0	0
131	0	0	0	0
132	0	0	0	0
133	0	0	0	0
134	0	0	0	0
135	0	0	0	0
136	0	0	0	0
137	0	0	0	0
138	0	0	0	0
139	0	0	0	0
140	0	0	0	0
141	0	0	0	0
142	0	0	0	0
143	0	0	0	0
144	0	0	0	0
145	0	0	0	0
146	0	0	0	0
147	0	0	0	0
148	0	0	0	0
149	0	0	0	0
150	0	0	0	0
151	0	0	0	0
152	0	0	0	0
153	0	0	0	0
154	0	0	0	0
155	0	0	0	0
156	0	0	0	0
157	0	0	0	0
158	0	0	0	0
159	0	0	0	0
160	0	0	0	0
161	0	0	0	0
162	0	0	0	0
163	0	0	0	0
164	0	0	0	0
165	0	0	0	0
166	0	0	0	0
167	0	0	0	0
168	0	0	0	0
169	0	0	0	0
170	0	0	0	0
171	0	0	0	0
172	0	0	0	0
173	0	0	0	0
174	0	0	0	0
175	0	0	0	0
176	0	0	0	0
177	0	0	0	0
178	0	0	0	0
179	0	0	0	0
180	0	0	0	0
181	0	0	0	0
182	0	0	0	0
183	0	0	0	0
184	0	0	0	0
185	0	0	0	0
186	0	0	0	0
187	0	0	0	0
188	0	0	0	0
189	0	0	0	0
190	0	0	0	0
191	0	0	0	0
192	0	0	0	0
193	0	0	0	0
194	0	0	0	0
195	0	0	0	0
196	0	0	0	0
197	0	0	0	0
198	0	0	0	0
199	0	0	0	0
200	0	0	0	0
201	0	0	0	0
202	0	0	0	0
203	0	0	0	0
204	0	0	0	0
205	0	0	0	0
206	0	0	0	0
207	0	0	0	0
208	0	0	0	0
209	0	0	0	0
210	0	0	0	0
211	0	0	0	0
212	0	0	0	0
213	0	0	0	0
214	0	0	0	0
215	0	0	0	0
216	0	0	0	0
217	0	0	0	0
218	0	0	0	0
219	0	0	0	0
220	0	0	0	0
221	0	0	0	0
222	0	0	0	0
223	0	0	0	0
224	0	0	0	0
225	0	0	0	0
226	0	0	0	0
227	0	0	0	0
228	0	0	0	0
229	0	0	0	0
230	0	0	0	0
231	0	0	0	0
232	0	0	0	0
233	0	0	0	0
234	0	0	0	0
235	0	0	0	0
236	0	0	0	0
237	0	0	0	0
238	0	0	0	0
239	0	0	0	0
240	0	0	0	0
241	0	0	0	0
242	0	0	0	0
243	0	0	0	0
244	0	0	0	0
245	0	0	0	0
246	0	0	0	0
247	0	0	0	0
248	29	0	0	29
249	237	0	138	99
250	289	0	179	110
251	314	0	197	117
252	317	0	198	119
253	300	0	191	109
254	301	0	191	110
255	313	0	197	116
256	288	0	179	109
257	301	0	190	111
258	321	0	203	118
259	313	0	194	119
260	340	0	212	128
261	325	0	205	120
262	302	0	190	112
263	324	0	203	121
264	316	0	198	118
265	313	0	197	116
266	314	0	197	117
267	317	0	198	119
268	314	0	197	117
269	289	0	184	105
270	297	0	189	108
271	312	0	195	117
272	305	0	190	115
273	313	0	197	116
274	313	0	198	115
275	325	0	206	119
276	317	0	201	116
277	308	0	194	114
278	317	0	203	114
279	328	0	205	123
280	310	0	194	116
281	331	0	207	124
282	303	0	188	115
283	301	0	187	114
284	301	0	187	114
285	321	0	200	121
286	314	0	193	121
287	312	0	193	119
288	333	0	208	125 # iptables up
289	10	0	6	4
290	0	0	0	0
291	0	0	0	0
292	0	0	0	0
293	0	0	0	0
294	65	42	13	10
295	386	104	160	122
296	381	98	157	126
297	0	0	0	0
298	0	0	0	0
299	0	0	0	0
300	0	0	0	0
301	0	0	0	0
302	0	0	0	0
303	0	0	0	0
304	0	0	0	0
305	0	0	0	0
306	0	0	0	0
307	0	0	0	0
308	0	0	0	0
309	0	0	0	0
310	0	0	0	0
311	84	17	47	20
312	417	116	168	133
313	434	122	171	141
314	421	117	168	136
315	470	133	187	150
316	437	120	173	144
317	420	119	164	137
318	431	117	170	144
319	450	127	175	148
320	495	139	194	162
321	465	130	181	154
322	448	126	174	148
323	446	129	172	145
324	463	128	181	154
325	438	122	173	143
326	456	126	186	144
327	433	124	171	138
328	448	130	177	141
329	458	127	185	146
330	461	130	188	143
331	434	120	175	139
332	405	113	162	130
333	434	120	175	139
334	454	129	180	145
335	469	133	185	151
336	472	134	184	154
337	452	128	177	147
338	462	130	184	148
339	474	131	188	155
340	433	122	172	139
341	464	129	186	149
342	437	128	168	141
343	418	124	160	134
344	406	116	160	130
345	446	125	180	141
346	459	128	183	148
347	422	121	165	136
348	446	126	179	141
349	443	127	174	142
350	467	135	184	148
351	456	131	180	145
352	443	124	173	146
353	455	123	182	150
354	456	123	183	150
355	426	117	171	138
356	463	126	187	150
357	450	128	175	147
358	458	129	181	148
359	473	133	186	154
360	450	127	179	144
361	447	124	178	145
362	435	123	172	140
363	468	133	184	151
364	466	134	181	151
365	471	136	183	152
366	465	132	186	147
367	447	124	176	147
368	445	124	175	146
369	458	128	181	149
370	445	124	179	142
371	459	128	181	150
372	450	127	176	147
373	438	127	168	143
374	444	125	176	143
375	450	129	179	142
376	416	117	163	136
377	419	119	166	134
378	451	124	183	144
379	463	131	183	149
380	500	142	198	160
381	462	128	185	149
382	451	126	178	147
383	459	130	181	148
384	471	134	184	153
385	458	125	182	151
386	466	131	186	149
387	451	129	177	145
388	451	130	176	145
389	442	123	177	142
390	432	122	176	134
391	456	126	182	148
392	421	118	166	137
393	422	116	170	136
394	447	124	179	144
395	441	125	175	141
396	474	135	186	153
397	479	135	190	154
398	442	124	178	140
399	478	131	194	153
400	446	125	178	143
401	453	126	183	144
402	436	126	170	140
403	393	115	152	126
404	421	120	164	137
405	448	128	179	141
406	464	131	185	148
407	416	117	162	137
408	432	124	168	140
409	458	132	178	148
410	474	135	187	152
411	466	132	186	148
412	457	127	180	150
413	441	119	177	145
414	436	119	174	143
415	424	116	173	135
416	467	131	187	149
417	460	132	182	146
418	450	128	174	148
419	461	128	183	150
420	446	124	181	141
421	450	128	176	146
422	428	121	171	136
423	457	131	180	146
424	468	134	184	150
425	492	142	193	157
426	462	132	184	146
427	458	131	180	147
428	441	128	176	137
429	454	130	176	148
430	465	134	181	150
431	458	132	181	145
432	452	130	178	144
433	436	126	172	138
434	450	129	175	146
435	445	129	176	140
436	419	119	165	135
437	404	114	157	133
438	443	124	176	143
439	454	130	177	147
440	470	134	184	152
441	468	131	184	153
442	453	127	181	145
443	447	126	181	140
444	459	129	180	150
445	435	119	174	142
446	458	129	184	145
447	450	129	179	142
448	443	125	179	139
449	446	124	179	143
450	434	122	172	140
451	450	126	177	147
452	421	122	163	136
453	464	130	185	149
454	454	124	183	147
455	453	129	178	146
456	460	129	184	147
457	451	125	183	143
458	457	128	184	145
459	471	135	184	152
460	438	124	172	142
461	440	123	179	138
462	413	119	161	133
463	414	123	157	134
464	420	118	169	133
465	453	129	181	143
466	475	133	188	154
467	453	129	182	142
468	457	127	183	147
469	466	129	184	153
470	471	135	187	149
471	440	125	174	141
472	440	122	172	146
473	436	122	173	141
474	450	123	180	147
475	440	121	174	145
476	450	125	180	145
477	438	124	175	139
478	430	123	171	136
479	455	126	179	150
480	443	126	175	142
481	452	130	178	144
482	424	124	167	133
483	470	133	185	152
484	451	130	176	145
485	480	138	186	156
486	455	128	184	143
487	449	132	176	141
488	458	129	180	149
489	475	133	187	155
490	445	126	177	142
491	465	129	185	151
492	457	131	182	144
493	448	132	174	142
494	444	126	173	145
495	442	126	176	140
496	413	115	165	133
497	420	122	166	132
498	426	120	171	135
499	436	126	171	139
500	501	142	198	161
501	476	134	192	150 #kill -9
502	133	37	54	42
503	0	0	0	0
504	0	0	0	0
505	0	0	0	0
506	0	0	0	0
507	0	0	0	0
508	0	0	0	0
509	0	0	0	0
510	0	0	0	0
511	0	0	0	0
512	0	0	0	0
513	0	0	0	0
514	0	0	0	0
515	0	0	0	0
516	0	0	0	0
517	0	0	0	0
518	57	56	0	1
519	211	146	0	65
520	294	163	0	131
521	294	161	0	133
522	315	171	0	144
523	323	175	0	148
524	304	164	0	140
525	312	171	0	141
526	305	166	0	139
527	298	163	0	135
528	318	175	0	143
529	317	173	0	144
530	330	183	0	147
531	327	181	0	146
532	296	162	0	134
533	289	158	0	131
534	289	156	0	133
535	305	167	0	138
536	288	154	0	134
537	335	184	0	151
538	337	184	0	153
539	311	169	0	142
540	300	164	0	136
541	300	163	0	137
542	286	153	0	133
543	313	170	0	143
544	313	168	0	145
545	318	172	0	146
546	320	173	0	147
547	304	165	0	139
548	314	171	0	143
549	325	177	0	148
550	312	173	0	139
551	344	175	25	144
552	484	186	138	160
553	489	188	140	161
554	452	175	128	149
555	451	176	130	145
556	430	166	123	141
557	430	169	123	138
558	461	175	133	153
559	480	187	139	154
560	481	186	139	156
561	479	184	139	156
562	432	164	126	142
563	464	178	132	154
564	455	174	129	152
565	457	175	130	152
566	479	189	133	157
