[36m New nightly available. To upgrade: `node-nightly --upgrade` [0m
1	495	196	140	159
2	622	242	177	203
3	641	253	182	206
4	661	262	187	212
5	629	246	181	202
6	609	235	174	200
7	628	247	174	207
8	633	254	172	207
9	639	259	173	207
10	653	264	177	212
11	667	265	188	214
12	657	259	188	210
13	641	249	177	215
14	648	253	178	217
15	654	257	183	214
16	618	240	175	203
17	607	236	174	197
18	600	235	170	195
19	636	254	176	206
20	620	248	168	204
21	618	244	173	201
22	638	249	181	208
23	638	246	182	210
24	611	242	169	200
25	626	247	175	204
26	647	257	187	203
27	654	261	187	206
28	632	253	176	203
29	649	262	183	204
30	627	251	178	198
31	670	270	189	211
32	609	248	168	193
33	598	243	169	186
34	630	254	178	198
35	604	243	172	189
36	653	265	181	207
37	651	265	186	200
38	664	269	189	206
39	641	257	187	197
40	629	253	178	198
41	663	271	181	211
42	652	266	177	209
43	639	255	177	207
44	614	244	177	193
45	678	274	196	208
46	734	303	209	222
47	642	255	183	204
48	619	246	173	200
49	659	265	181	213
50	644	251	182	211
51	655	260	185	210
52	695	272	199	224
53	664	265	187	212
54	682	275	196	211
55	696	273	199	224
56	716	284	200	232
57	725	289	204	232
58	713	284	194	235
59	681	268	194	219
60	688	271	199	218
61	694	274	190	230
62	631	249	179	203
63	640	250	183	207
64	678	264	198	216
65	648	257	184	207
66	679	271	190	218
67	676	272	190	214
68	676	269	195	212
69	716	286	204	226
70	707	280	198	229
71	709	280	198	231
72	719	285	207	227
73	707	283	196	228
74	682	273	193	216
75	697	283	196	218
76	713	282	201	230
77	650	255	188	207
78	636	257	178	201
79	687	284	188	215
80	662	267	189	206 # iptables down
81	43	17	12	14
82	0	0	0	0
83	0	0	0	0
84	0	0	0	0
85	0	0	0	0
86	0	0	0	0
87	0	0	0	0
88	0	0	0	0
89	0	0	0	0
90	0	0	0	0
91	0	0	0	0
92	0	0	0	0
93	0	0	0	0
94	0	0	0	0
95	0	0	0	0
96	0	0	0	0
97	0	0	0	0
98	290	0	156	134
99	414	0	226	188
100	395	0	217	178
101	420	0	228	192
102	449	0	244	205
103	404	0	217	187
104	427	0	233	194
105	403	0	222	181
106	420	0	232	188
107	415	0	230	185
108	399	0	219	180
109	409	0	222	187
110	428	0	231	197
111	404	0	218	186
112	401	0	219	182
113	424	0	234	190
114	450	0	244	206
115	439	0	244	195
116	445	0	244	201
117	414	0	224	190
118	405	0	221	184
119	397	0	215	182
120	427	0	230	197
121	434	0	235	199
122	438	0	238	200
123	434	0	235	199
124	441	0	238	203
125	441	0	243	198
126	400	0	222	178
127	449	0	246	203 # iptables up
128	209	0	201	8
129	191	0	191	0
130	213	0	213	0
131	211	0	211	0
132	208	0	208	0
133	217	0	217	0
134	225	0	225	0
135	206	0	206	0
136	215	0	215	0
137	207	0	207	0
138	216	0	216	0
139	219	0	219	0
140	213	0	213	0
141	229	0	229	0
142	227	0	227	0
143	229	0	229	0
144	227	0	227	0
145	222	0	222	0
146	208	0	208	0
147	202	0	202	0
148	211	0	211	0
149	222	0	222	0
150	197	0	197	0
151	213	0	213	0
152	210	0	210	0
153	223	0	223	0
154	204	0	204	0
155	207	0	207	0
156	172	32	105	35
157	682	263	188	231
158	728	288	197	243
159	707	273	196	238
160	677	258	193	226
161	662	253	186	223
162	697	269	197	231
163	685	266	183	236
164	680	262	188	230
165	680	261	192	227
166	692	269	193	230
167	663	257	181	225
168	635	249	167	219
169	688	263	190	235
170	711	276	193	242
171	649	252	177	220
172	664	258	184	222
173	702	272	198	232
174	712	269	202	241
175	685	266	190	229
176	698	274	191	233
177	664	256	180	228
178	684	262	193	229
179	684	262	195	227
180	675	262	186	227
181	698	268	194	236
182	698	265	200	233
183	658	253	191	214
184	691	263	197	231
185	693	267	191	235
186	646	249	184	213
187	639	245	182	212
188	679	263	192	224
189	662	256	189	217
190	632	248	179	205
191	689	271	190	228
192	697	270	195	232
193	660	258	176	226
194	669	260	186	223
195	660	250	190	220
196	662	251	189	222
197	631	239	180	212
198	640	246	180	214
199	683	267	196	220
200	654	251	184	219
201	623	237	182	204
202	627	238	178	211
203	668	250	192	226
204	659	250	188	221
205	623	233	179	211
206	635	239	185	211
207	655	247	187	221 #kill -9
208	183	42	71	70
209	368	0	199	169
210	398	0	218	180
211	382	0	208	174
212	370	0	203	167
213	334	0	179	155
214	365	0	197	168
215	378	0	204	174
216	350	0	193	157
217	370	0	201	169
218	327	0	176	151
219	358	0	193	165
220	353	0	190	163
221	378	0	207	171
222	385	0	212	173
223	370	0	205	165
224	392	0	218	174
225	401	0	217	184
226	394	0	210	184
227	528	142	207	179
228	445	138	166	141
229	317	125	91	101
230	611	242	167	202
231	575	232	156	187
232	619	249	168	202
233	649	256	181	212
234	608	239	171	198
235	597	241	168	188
236	628	254	174	200
237	641	259	177	205
238	642	261	172	209
239	648	259	184	205
240	690	276	199	215
241	696	280	192	224
242	639	257	181	201
243	660	262	190	208
244	701	279	199	223
245	638	251	182	205
246	632	251	178	203
