1	34	11	10	13
2	57	17	16	24
3	67	21	21	25
4	65	20	20	25
5	64	19	20	25
6	71	22	20	29
7	76	23	23	30
8	77	23	24	30
9	75	23	23	29
10	69	22	20	27
11	78	24	23	31
12	75	23	22	30
13	78	24	24	30
14	71	22	21	28
15	78	24	24	30
16	80	24	25	31
17	81	24	25	32
18	81	24	24	33
19	81	24	25	32
20	80	24	25	31
21	78	23	24	31
22	76	22	23	31
23	80	25	24	31
24	79	24	23	32
25	76	23	23	30
26	75	22	22	31
27	78	23	24	31
28	77	20	25	32
29	81	25	25	31
30	79	24	24	31
31	80	25	24	31
32	72	21	23	28
33	80	24	24	32
34	75	23	23	29
35	72	22	21	29
36	76	23	23	30
37	72	21	23	28
38	77	23	23	31
39	76	22	23	31
40	75	23	22	30
41	73	22	22	29
42	74	22	21	31
43	75	23	22	30
44	75	23	23	29
45	70	21	21	28
46	76	23	24	29
47	78	25	23	30
48	79	24	24	31
49	78	24	24	30
50	81	24	25	32
51	73	22	23	28
52	76	24	23	29
53	76	23	23	30
54	78	24	24	30
55	80	25	24	31
56	79	24	25	30
57	79	23	26	30
58	80	25	24	31
59	79	22	26	31
60	80	25	24	31
61	74	22	22	30
62	76	24	23	29
63	72	22	21	29
64	78	24	25	29
65	78	23	24	31
66	77	24	23	30
67	80	24	25	31
68	81	24	25	32
69	79	24	24	31
70	82	25	25	32
71	81	25	25	31
72	80	23	25	32
73	80	24	25	31
74	77	23	24	30
75	72	22	21	29
76	75	23	21	31
77	82	25	25	32
78	85	26	26	33
79	80	24	24	32
80	80	24	25	31
81	73	22	23	28
82	80	25	26	29
83	82	25	26	31
84	82	25	25	32
85	78	24	24	30
86	78	23	26	29
87	78	23	24	31
88	68	23	20	25
89	70	21	21	28
90	73	22	22	29
91	75	23	22	30
92	67	18	22	27
93	69	21	21	27
94	72	22	22	28
95	78	23	25	30
96	72	20	24	28
97	72	22	23	27
98	73	22	22	29
99	70	21	22	27
100	74	22	23	29
101	75	23	22	30
102	80	23	25	32
103	75	23	23	29
104	72	23	21	28
105	75	22	23	30
106	74	23	23	28
107	75	23	23	29
108	79	23	25	31
109	75	22	24	29
110	69	22	19	28
111	74	22	23	29
112	75	22	23	30
113	73	23	22	28
114	70	21	21	28
115	71	22	22	27
116	72	22	22	28
117	73	22	23	28
118	78	24	24	30
119	73	22	22	29
120	72	23	22	27
121	73	22	22	29
122	81	25	24	32
123	80	25	24	31
124	69	20	21	28
125	76	22	24	30
126	71	22	22	27
127	74	22	23	29
128	65	20	19	26
129	70	21	21	28
130	69	21	21	27
131	66	20	20	26
132	71	22	21	28
133	77	23	23	31
134	77	23	23	31
135	75	23	23	29
136	73	21	23	29
137	66	20	20	26
138	61	20	19	22
139	71	22	22	27
140	66	20	21	25
141	68	21	20	27
142	79	24	24	31
143	76	23	23	30
144	77	23	24	30
145	77	23	23	31
146	79	25	23	31
147	76	22	24	30
148	72	20	24	28
149	64	18	21	25
150	72	23	21	28
151	70	22	21	27
152	66	21	19	26
153	71	22	20	29
154	67	17	21	29
155	78	24	24	30
156	73	22	23	28
157	75	22	24	29
158	66	20	20	26
159	62	20	18	24
160	63	19	19	25
161	70	22	21	27
162	69	21	21	27
163	71	21	22	28
164	69	20	21	28
165	72	23	22	27
166	74	22	22	30
167	73	23	22	28
168	74	23	22	29
169	76	22	24	30
170	75	23	23	29
171	74	22	23	29
172	76	24	24	28
173	75	22	23	30
174	65	21	18	26
175	74	23	23	28
176	72	22	21	29
177	69	23	20	26
178	78	24	23	31
179	68	21	21	26
180	61	20	19	22  # kill -9
181	0	0	0	0
182	0	0	0	0
183	0	0	0	0
184	0	0	0	0
185	0	0	0	0
186	0	0	0	0
187	41	23	18	0
188	42	23	19	0
189	48	26	22	0
190	43	24	19	0
191	46	25	21	0
192	48	27	21	0
193	42	24	18	0
194	47	26	21	0
195	49	28	21	0
196	45	26	19	0
197	51	28	23	0
198	45	26	19	0
199	49	28	21	0
200	52	29	23	0
201	44	24	20	0
202	53	29	24	0
203	38	20	18	0
204	49	27	22	0
205	45	25	20	0
206	46	26	20	0
207	50	28	22	0
208	51	28	23	0
209	46	26	20	0
210	51	28	23	0
211	37	21	16	0
212	44	25	19	0
213	45	25	20	0
214	42	23	19	0
215	50	27	23	0
216	55	30	25	0
217	49	27	22	0
218	53	29	24	0
219	47	26	21	0
220	49	27	22	0
221	47	25	22	0
222	52	28	24	0
223	53	29	24	0
224	46	25	21	0
225	49	27	22	0
226	53	29	24	0
227	48	26	22	0
228	54	30	24	0
229	47	25	22	0
230	49	27	22	0
231	54	29	25	0
232	47	26	21	0
233	50	28	22	0
234	44	24	20	0
235	51	28	23	0
236	51	27	24	0
237	45	24	21	0
238	53	30	23	0
239	50	27	23	0
240	43	23	20	0
241	44	24	20	0
242	44	25	19	0
243	40	22	18	0
244	48	27	21	0
245	41	22	19	0
246	48	26	22	0
247	47	26	21	0
248	47	26	21	0
