1	322	108	107	107
2	387	129	130	128
3	431	143	142	146
4	434	144	145	145
5	439	147	147	145
6	436	145	145	146
7	441	146	145	150
8	446	147	149	150
9	440	147	146	147
10	439	144	145	150
11	450	150	150	150
12	442	151	151	140
13	449	150	152	147
14	445	150	148	147
15	443	146	150	147
16	458	152	153	153
17	443	145	147	151
18	453	151	152	150
19	439	148	144	147
20	455	149	150	156
21	431	143	143	145
22	447	149	148	150
23	434	143	145	146
24	445	146	147	152
25	453	150	151	152
26	468	154	153	161
27	445	147	146	152
28	454	151	153	150
29	450	150	146	154
30	460	153	150	157
31	440	145	146	149
32	453	150	150	153
33	440	144	145	151
34	443	145	146	152
35	446	146	149	151
36	446	148	148	150
37	443	146	147	150
38	460	153	151	156
39	463	153	154	156
40	446	147	146	153
41	455	150	151	154
42	459	151	152	156
43	458	151	153	154
44	454	152	148	154
45	460	153	150	157
46	454	148	151	155
47	462	155	154	153
48	433	145	142	146
49	461	152	154	155
50	486	159	159	168
51	476	157	154	165
52	450	150	150	150
53	442	146	147	149
54	459	153	152	154
55	445	150	146	149
56	476	156	158	162
57	478	159	158	161
58	477	157	158	162
59	471	159	153	159
60	467	154	154	159
61	469	156	157	156
62	446	148	150	148
63	464	155	153	156
64	449	149	152	148
65	479	158	159	162
66	451	150	150	151
67	452	151	149	152
68	452	149	150	153
69	456	152	150	154
70	450	151	148	151
71	458	151	154	153
72	457	153	152	152
73	460	152	152	156
74	476	159	154	163
75	467	154	156	157
76	475	158	159	158
77	452	149	151	152
78	469	156	153	160
79	447	148	149	150
80	466	155	154	157
81	449	149	149	151
82	452	150	148	154
83	461	152	152	157
84	473	157	158	158
85	448	149	146	153
86	462	152	152	158
87	450	150	148	152
88	454	149	152	153
89	461	153	152	156
90	441	147	144	150
91	461	152	152	157
92	454	151	148	155
93	460	152	152	156
94	465	152	156	157
95	455	151	149	155
96	453	143	154	156 #iptables
97	318	0	157	161
98	292	0	144	148
99	290	0	144	146
100	281	0	141	140
101	285	0	141	144
102	275	0	137	138
103	277	0	137	140
104	277	0	136	141
105	223	0	113	110
106	281	0	138	143
107	262	0	130	132
108	261	0	130	131
109	273	0	136	137
110	267	0	131	136
111	271	0	137	134
112	271	0	135	136
113	269	0	132	137
114	272	0	138	134
115	290	0	140	150
116	295	0	144	151
117	285	0	137	148
118	274	0	140	134
119	274	0	136	138
120	281	0	139	142
121	273	0	135	138
122	230	0	109	121
123	259	0	132	127
124	273	0	135	138
125	294	0	147	147
126	285	0	145	140
127	289	0	145	144
128	273	0	134	139
129	283	0	140	143
130	295	0	145	150
131	298	0	148	150
132	280	0	143	137
133	267	0	130	137
134	267	0	134	133
135	296	0	147	149
136	296	0	148	148
137	295	0	147	148
138	273	0	136	137
139	269	0	138	131
140	286	0	138	148
141	287	0	144	143
142	278	0	137	141
143	285	0	141	144
144	286	0	144	142
145	269	0	134	135
146	270	0	139	131
147	274	0	136	138
148	254	0	121	133
149	368	115	123	130
150	420	139	141	140
151	423	142	141	140
152	439	145	146	148
153	443	148	146	149
154	450	150	150	150
155	433	146	144	143
156	425	141	141	143
157	436	142	146	148
158	433	145	142	146
159	426	141	143	142
160	421	140	140	141
161	454	151	151	152
162	443	148	148	147
163	457	152	153	152
164	443	148	146	149
165	449	150	148	151
166	442	147	148	147
167	442	148	146	148
168	445	147	147	151
169	453	150	152	151
170	454	150	152	152
171	443	147	149	147
172	446	150	147	149
173	455	150	152	153
174	452	149	152	151
175	435	145	144	146
176	444	146	150	148
177	447	148	149	150
178	448	149	150	149
179	446	150	147	149
180	445	149	146	150
181	444	146	151	147
182	435	147	143	145
183	435	146	144	145
184	412	116	148	148 # kill -9
185	296	0	149	147
186	309	0	154	155
187	289	0	145	144
188	288	0	147	141
189	299	0	149	150
190	303	0	151	152
191	298	0	149	149
192	311	0	155	156
193	306	0	153	153
194	326	18	150	158
195	415	121	145	149
196	419	131	140	148
197	413	133	138	142
198	415	130	139	146
199	411	136	134	141
200	427	143	138	146
201	445	148	147	150
202	431	140	143	148
203	438	144	147	147
204	435	145	145	145
205	431	144	141	146
206	451	149	148	154
207	442	147	145	150
